PartB_01929 0.025696 303.337494 37.498100 339.415131 73.447189
000871 0.036805 1961.248413 436.519287 2704.178955 1030.364258
000871 0.006910 1215.659912 202.040039 1994.556885 730.207397
000871 0.011640 473.584808 170.650558 1187.252319 681.428528
000871 0.035216 321.687042 37.420807 1016.528442 491.699371
000871 0.013211 881.723450 63.516998 1928.884766 1009.224854
000871 0.996164 3582.716309 877.970215 4900.000000 2409.327637
000871 0.195634 3339.631836 154.320129 4510.016113 1036.688232
000871 0.018078 3930.954834 38.341385 4533.146973 530.735718
000871 0.013958 95.503571 102.251740 1097.465332 953.218994
000871 0.008546 927.849487 1.000000 1620.817505 526.566711
PartB_01121 0.005446 785.029419 483.989410 825.497192 519.543091
PartB_01121 0.035314 761.568054 457.461456 849.445374 543.749329
part2_000482 0.200181 84.863907 1.000000 156.424850 61.007034
part2_000482 0.624304 255.877243 108.053772 289.982483 148.941391
part2_000482 0.854411 180.969833 60.019173 239.512161 124.170677
part2_000482 0.107170 245.167206 94.652832 282.250092 143.357285
part2_000482 0.060139 255.122559 112.269867 276.257507 141.476547
part2_000482 0.021846 101.549255 1.848660 179.090179 89.585648
part2_001197 0.908145 62.709610 24.429588 244.025467 270.807892
PartB_00460 0.013232 11.994949 260.050385 43.893894 294.195038
PartA_01336 0.005521 88.456062 442.431183 117.622353 477.514679
part2_000144 0.031762 2445.535889 335.721985 2912.628662 1077.065674
part2_000144 0.820823 1194.829346 1.000000 2615.899170 1387.394165
001429 0.997234 440.502747 40.753571 600.299866 230.212097
001429 0.005736 34.402294 207.726974 63.300320 237.048477
000704 0.937691 15.959824 255.585663 163.484802 414.357208
000704 0.250733 380.760376 353.485596 420.643005 416.379333
000704 0.760475 313.227661 366.413177 388.977783 448.654327
000704 0.066077 282.742218 407.662140 332.745697 459.051178
000704 0.946635 184.359085 295.402832 308.517792 421.074158
000704 0.029077 159.109360 317.031067 200.166336 368.044800
000704 0.008246 139.813019 321.039337 176.328613 395.087494
000704 0.167506 353.543335 333.698273 388.308655 372.609222
000704 0.030396 395.301849 368.638184 427.247162 406.328857
000704 0.010423 392.692444 363.938751 412.208252 392.095245
000704 0.018195 352.963989 367.078735 386.338440 407.339539
000704 0.005011 394.849823 394.120758 412.059540 420.629852
000704 0.082475 395.051575 337.092834 427.728394 372.568359
000704 0.024544 181.537842 326.459656 221.314270 383.359192
000704 0.039334 492.974762 358.747314 525.703918 399.635376
000704 0.774650 487.295074 337.509735 553.000000 426.796173
000704 0.500977 411.440216 305.333618 510.643768 447.807678
000704 0.248294 304.627228 309.934540 349.778900 360.593292
000704 0.146777 308.107758 347.015594 373.793732 416.052216
000704 0.053057 497.826874 326.969757 527.406616 368.556122
000704 0.040157 295.952820 317.224457 343.528015 393.558319
000704 0.016586 308.940735 330.596771 355.342468 381.543549
000704 0.016059 293.227295 296.638947 366.760071 378.448395
000704 0.015964 524.855225 358.232697 553.000000 412.352386
000704 0.012823 303.764038 367.630707 339.592712 406.960846
000704 0.012500 524.634888 327.152283 553.000000 375.011780
000704 0.011672 306.137848 322.629364 324.142914 347.508270
000704 0.009467 338.993652 312.266052 390.732544 363.724670
000704 0.006890 172.129089 349.611206 221.616119 407.286743
000704 0.006185 360.097595 371.514038 402.300720 435.061157
000704 0.005266 122.485153 286.807953 176.220963 377.568268
000704 0.005088 442.747772 323.075439 476.261749 357.595337
000704 0.005012 516.341309 322.550873 553.000000 398.676422
part2_001887 0.827923 34.457321 1.000000 219.327927 225.411987
PartB_00675 0.006393 187.786591 34.555992 251.618805 104.393105
PartB_00675 0.005382 616.437622 1.000000 639.885864 17.681414
PartB_00675 0.007854 603.335510 1.000000 627.906067 16.948324
PartB_00675 0.035473 535.342712 1.000000 558.329651 17.880877
PartB_00675 0.031503 647.937988 31.532707 676.499512 56.535057
PartB_00675 0.029269 522.926025 4.958420 545.958740 20.836201
PartB_00675 0.065016 410.827759 18.948206 468.071899 77.955620
PartB_00675 0.055852 534.349304 6.229530 625.150452 83.632195
part2_002252 0.998111 328.283447 2.673965 468.877625 201.535446
part2_002252 0.008372 120.368385 415.896301 143.658310 435.000000
part2_002252 0.006108 435.998413 99.529182 482.814697 164.913147
part2_002252 0.005578 106.150467 400.702667 179.090744 435.000000
PartB_00564 0.005312 143.545822 45.474068 212.568893 129.318481
PartB_00564 0.005168 372.090088 48.869270 439.242126 131.183899
part2_000873 0.095728 251.366135 191.456818 265.703522 204.001343
part2_000873 0.951753 381.667480 52.452854 499.467957 170.637894
part2_000873 0.020661 202.414688 189.424118 211.657303 199.261154
part2_000873 0.009781 184.915207 186.679123 191.571548 194.870834
PartB_00657 0.014555 30.284485 1.000000 48.923134 15.119103
PartB_00657 0.010796 427.424744 74.906097 471.479553 124.194443
PartB_00657 0.008613 42.884537 47.288887 85.810959 81.429085
PartB_00657 0.008933 40.465981 17.828453 62.492401 39.833275
PartB_00657 0.008313 66.393478 40.754711 93.467697 60.919193
PartB_00657 0.044848 121.245255 40.046928 145.885818 62.324074
PartB_00657 0.011455 69.566582 20.361294 89.314690 36.629444
PartB_00657 0.010961 560.529968 21.704021 577.816956 34.694439
PartB_00657 0.016400 574.567200 83.599968 595.456482 103.466743
PartB_00657 0.019057 578.068176 21.665237 590.382629 33.432701
part2_000309 0.999659 176.531708 41.874527 370.173798 283.293762
001188 0.987931 197.252045 32.542686 301.532227 164.090973
part2_000319 0.016117 259.442078 199.138809 285.151489 230.528244
part2_000319 0.007671 233.906052 214.192200 299.680786 286.875763
part2_000319 0.268584 357.500793 89.787613 405.076111 136.841690
part2_000319 0.830162 89.939789 35.920612 179.013245 141.734406
part2_000319 0.908846 464.638702 75.734573 517.050659 144.112534
part2_000319 0.011356 313.237976 148.888687 334.411072 178.145645
part2_000319 0.009335 292.734100 155.816772 309.442963 179.749023
part2_000319 0.965735 528.647949 13.475994 628.676514 110.144089
part2_000319 0.915917 180.843567 108.781433 238.690796 175.442810
part2_000319 0.027873 403.074432 89.404800 468.879669 170.899490
part2_000319 0.016077 229.140457 124.512970 251.428146 152.502075
part2_000319 0.011134 526.731812 77.656738 571.481567 130.365677
part2_000319 0.009959 189.145935 93.619247 233.472168 136.417999
part2_000319 0.007088 524.237000 123.309296 544.481628 151.529816
part2_000319 0.006854 82.256531 63.773800 142.888657 142.586182
part2_000319 0.006843 65.982979 333.794159 81.000877 350.547882
part2_000319 0.006751 385.414429 89.472832 447.510132 141.239502
part2_000319 0.005944 539.947144 116.150406 567.848999 147.122757
part2_000319 0.005269 170.853882 88.856697 196.480011 116.312157
part2_001021 0.010668 788.844727 188.155380 894.350342 297.354126
part2_001021 0.711290 219.467819 1.959229 720.929993 498.303253
part2_001696 0.997384 179.230225 53.521111 320.112671 216.006989
part2_001730 0.996925 239.292755 1.617035 380.128143 199.134689
part2_001730 0.023796 615.807617 214.787369 636.019165 244.032181
part2_000931 0.066805 1337.553711 515.673218 1377.716797 565.449097
part2_000931 0.008638 1444.656250 399.553558 1480.326172 453.169647
part2_000931 0.942628 882.278198 55.390884 1010.294189 189.134048
part2_000931 0.918799 503.849091 211.535980 582.830811 313.223419
part2_000931 0.828990 360.801605 238.425842 442.736481 340.813477
part2_000931 0.740373 1198.271362 181.465668 1294.892944 330.026825
part2_000931 0.590104 267.874420 302.651245 334.958893 374.448242
part2_000931 0.585876 631.397949 213.904373 745.658936 338.875977
part2_000931 0.473543 250.010986 267.368073 331.786194 356.275055
part2_000931 0.168758 77.805763 311.249603 129.175140 372.357941
part2_000931 0.116677 367.403595 262.909668 424.311005 318.949158
part2_000931 0.085608 249.284378 315.845581 298.433350 370.687805
part2_000931 0.073593 1122.723267 267.785187 1230.908081 393.723541
part2_000931 0.072866 728.065857 267.260132 835.433655 392.114319
part2_000931 0.068526 169.917542 284.989563 250.272461 377.235474
part2_000931 0.041400 34.201992 341.504913 108.992462 439.494293
part2_000931 0.035491 1148.031738 295.124908 1201.283203 358.824982
part2_000931 0.033449 1446.504517 370.412567 1487.052368 428.209259
part2_000931 0.031279 1257.726807 240.738159 1352.725098 351.942627
part2_000931 0.027690 42.176029 289.336273 115.088776 377.753876
part2_000931 0.027551 115.033325 317.676819 160.212769 371.010132
part2_000931 0.025676 260.120453 320.936096 335.015167 415.052246
part2_000931 0.021948 159.828812 328.512939 236.568924 418.714539
part2_000931 0.020506 32.322330 300.984711 148.963013 453.674530
part2_000931 0.018617 1106.100830 336.222504 1148.070801 399.305756
part2_000931 0.013562 16.610077 371.264679 48.461052 416.702240
part2_000931 0.012156 1075.636353 243.588318 1162.664429 351.676453
part2_000931 0.011757 1106.960449 312.216614 1153.772705 370.909607
part2_000931 0.011695 772.787048 289.770630 817.622009 346.805298
part2_000931 0.011234 186.677856 349.950439 227.007690 397.053894
part2_000931 0.010362 653.466553 234.945679 710.526367 306.583801
part2_000931 0.009784 1408.910889 266.093811 1479.933105 375.730347
part2_000931 0.009613 238.722122 336.125153 286.181519 392.124725
part2_000931 0.007733 1083.419800 295.589722 1188.153442 438.077881
part2_000931 0.007604 793.970032 205.741333 884.555603 339.023315
part2_000931 0.007353 1214.522705 229.293915 1272.051025 323.644562
part2_000931 0.007342 59.858562 341.412018 107.358826 393.465729
part2_000931 0.007301 1332.956543 286.915100 1378.596191 339.718445
part2_000931 0.005868 800.763184 299.632568 835.143921 345.722412
part2_000931 0.005571 1386.702148 296.071716 1430.946045 347.436096
part2_000931 0.005437 689.409363 228.259048 741.405579 313.465942
part2_000931 0.005406 1411.838379 265.886719 1446.412109 299.310181
part2_000931 0.005304 22.891222 407.227966 54.331726 458.890869
part2_000931 0.005251 1345.510254 497.078552 1388.606689 540.893494
part2_000080 0.989722 293.532532 22.904610 413.951904 187.811462
part2_001390 0.977472 243.278122 86.074448 326.692017 204.748856
part2_001390 0.995680 113.040604 88.302132 248.411087 255.643921
part2_001390 0.979504 390.774017 59.494293 530.930908 193.941910
part2_001390 0.007414 222.457748 110.233109 269.558014 192.838913
PartB_01082 0.015940 199.906540 252.877274 210.657486 263.461334
PartB_01082 0.007516 222.241669 250.048050 231.925476 259.291504
PartB_01082 0.011586 134.527496 250.614868 144.410736 259.918243
PartB_01082 0.006005 71.958969 249.766251 82.938293 260.621887
PartB_01082 0.005302 240.700638 250.030945 251.026108 259.180267
PartB_01082 0.007209 92.564796 250.703781 102.629753 260.601349
PartB_01082 0.006498 46.071835 272.066498 61.309299 286.527130
PartB_01082 0.011856 49.621460 250.516724 60.954819 261.658386
PartB_01082 0.005084 7.952756 272.509308 20.440350 286.522552
000525 0.038053 421.299622 165.893280 436.744202 179.556366
000525 0.006718 48.781769 242.540771 174.308380 410.575989
000525 0.017551 450.727570 316.142792 461.035980 322.487335
000525 0.021258 443.867859 332.064789 459.716492 342.299164
000525 0.967636 79.914963 136.762344 159.627182 232.063828
000525 0.008257 397.221497 338.840179 411.417053 346.515656
000525 0.006939 440.372131 354.973328 458.993958 369.145874
000525 0.006627 422.176117 339.415405 441.231537 348.405640
000525 0.005369 446.473785 187.102509 459.843170 195.965332
000525 0.005275 467.260406 189.252975 478.763702 198.159561
001026 0.114499 97.565147 55.884624 110.790718 70.174934
001026 0.880045 46.710815 56.552589 69.076775 78.584892
001026 0.569313 208.600403 46.499268 220.345490 58.338188
001026 0.012661 147.474899 41.539303 156.485397 48.006359
001026 0.112432 283.981140 65.250824 293.470459 75.317398
001026 0.079466 91.986153 57.420509 112.318230 77.029945
001026 0.135997 282.375977 74.730370 292.355347 85.231453
001026 0.570698 210.503494 125.391655 231.931534 150.829361
001026 0.166895 270.767059 129.535065 281.488678 144.590515
001026 0.053892 261.263245 61.573914 269.681091 70.501373
001026 0.041142 247.739929 61.820221 257.319702 72.278976
001026 0.039234 259.714569 75.983841 267.732635 84.949524
001026 0.038032 197.813538 130.419556 218.976654 154.433258
001026 0.031948 192.096558 129.786240 200.900177 142.016312
001026 0.027111 144.114822 136.067276 164.722549 159.456863
001026 0.026644 271.585419 64.310524 281.382233 74.458717
001026 0.026381 250.569809 74.382591 256.982513 81.395134
001026 0.025753 161.951294 143.117218 171.537048 153.588409
001026 0.025338 265.228851 129.500427 288.741119 158.011932
001026 0.024259 163.355469 151.451111 173.570801 164.118195
001026 0.022727 193.651245 140.838699 202.288849 152.634354
001026 0.018826 205.095352 131.379730 215.399796 144.863373
001026 0.018315 274.950653 74.252579 285.112579 84.120651
001026 0.017942 151.438141 153.237930 161.586182 165.205185
001026 0.015899 166.505920 135.795715 187.338165 157.612000
001026 0.013660 271.676727 57.026123 294.626373 75.100052
001026 0.013640 286.475555 89.372742 294.303986 98.801941
001026 0.012171 243.380753 51.140823 252.030106 60.322899
001026 0.012044 246.310379 54.947678 266.098206 73.562492
001026 0.011385 271.121094 51.433090 304.572998 85.769196
001026 0.011341 247.142883 93.231560 252.756958 99.761223
001026 0.010599 246.448593 131.590439 271.020874 154.446243
001026 0.010436 234.938553 46.369560 243.033463 55.362823
001026 0.009046 177.522934 141.295410 186.505539 153.210815
001026 0.008476 260.541840 90.985092 266.952850 99.322006
001026 0.008348 139.604538 50.889263 147.769363 58.809048
001026 0.008272 137.442093 145.360825 147.980148 157.557236
001026 0.008256 214.428223 115.016449 238.121643 138.678696
001026 0.007908 318.300568 61.172569 325.483612 70.394173
001026 0.007813 152.705551 143.284241 162.626694 154.047638
001026 0.006789 232.713394 93.005524 238.354599 99.313889
001026 0.006781 145.010056 148.233902 165.194839 176.067276
001026 0.006747 234.077759 39.594986 242.718445 47.203339
001026 0.006307 194.304733 93.531059 201.266037 101.131462
001026 0.006242 213.930496 121.244484 225.454086 131.461975
001026 0.006008 222.472076 92.289925 229.014923 99.392052
001026 0.005971 205.196213 94.168640 212.658401 101.281738
001026 0.005567 179.456757 130.662216 186.454102 139.183121
001026 0.005056 235.240509 80.378502 241.806213 86.988289
000134 0.235424 503.316406 95.092758 547.981812 130.879028
000134 0.195120 438.516724 90.831833 479.501587 127.316559
000134 0.409888 598.835266 116.718437 625.968811 137.371994
000134 0.091392 588.440613 110.908463 633.728699 147.591202
000134 0.063914 516.031433 110.833481 544.283875 135.025543
000134 0.092702 90.333092 120.199814 108.869682 137.841385
000134 0.341015 373.171509 91.326912 400.534973 119.358955
000134 0.015930 428.996124 102.932701 467.013824 145.510773
000134 0.037540 584.501160 94.765549 635.580872 130.291214
000134 0.122303 220.947693 107.923782 248.275757 134.253235
000134 0.212103 197.156876 112.806396 222.215164 136.022705
000134 0.500831 214.047821 95.746788 241.077576 123.976463
000134 0.316038 130.350403 95.093079 159.322601 126.273087
000134 0.186028 277.226227 97.037437 303.412506 124.686317
000134 0.125909 109.836540 117.993904 131.179642 137.225037
000134 0.123474 131.876358 112.204247 157.787766 136.387451
000134 0.114621 114.672256 107.102325 157.453201 140.427460
000134 0.100081 362.542023 94.801163 385.142914 119.408920
000134 0.099909 599.221863 97.347649 624.544373 124.316429
000134 0.084807 276.552032 110.536331 306.574738 138.961746
000134 0.028358 357.453613 108.920723 380.947937 133.538620
000134 0.026406 379.454773 107.710938 404.732666 131.873444
000134 0.025009 199.951233 100.545525 221.294891 123.306953
000134 0.019274 616.476257 121.834839 639.187317 143.452118
000134 0.017175 236.464218 120.376549 260.396271 144.604813
000134 0.016444 381.291077 87.986298 420.105652 122.163071
000134 0.014333 291.074249 117.770142 313.398346 144.571503
000134 0.013245 58.698883 122.878807 75.614929 140.610931
000134 0.013034 295.722412 98.583580 316.763550 121.325386
000134 0.011086 433.574524 111.991600 457.298401 133.841156
000134 0.010648 375.945618 74.795929 396.294617 96.206940
000134 0.010550 536.720215 119.752144 558.256958 141.016068
000134 0.009765 408.667999 114.700241 430.271149 137.751923
000134 0.008046 459.916534 116.589600 483.375641 139.032104
000134 0.007744 619.094910 95.763451 638.472229 120.193993
000134 0.006664 490.613190 122.642731 512.280334 141.790466
000134 0.005796 116.576462 98.618034 136.526978 121.138802
000134 0.005220 339.246277 113.515350 381.428650 151.819489
000134 0.005196 543.205994 116.739197 581.689758 151.506287
000134 0.005172 298.218933 136.841263 323.848755 165.387344
001579 0.922446 268.337952 91.826996 823.699402 781.436890
part2_001824 0.987644 148.311722 13.192993 372.848328 269.828674
part2_002306 0.992469 161.323883 85.301102 226.839233 159.412399
part2_002306 0.007090 119.124901 95.035294 130.686356 112.826782
part2_002306 0.005637 132.158295 96.186455 143.048767 113.436699
PartB_00038 0.290959 8.896858 101.483879 155.706543 295.009186
part2_001850 0.015521 263.709808 327.985687 348.622345 424.172455
part2_001850 0.357995 525.944763 14.039787 642.510193 106.125465
part2_001850 0.041709 882.148804 416.160919 904.154175 433.628326
part2_001850 0.917798 356.883545 54.958210 489.288574 178.323273
part2_001850 0.013257 554.447205 11.458760 595.963196 42.050014
part2_001850 0.016419 553.663574 32.723076 613.340454 103.492699
part2_001850 0.913650 553.647644 120.805954 639.242737 232.889297
part2_001850 0.021426 9.916118 101.291504 38.246014 127.550262
part2_001850 0.014692 331.805542 68.592407 436.344421 163.701797
part2_001850 0.009803 621.318970 170.400299 695.963013 239.624786
part2_001850 0.008762 570.051514 162.513672 630.998413 227.791992
part2_001850 0.005611 6.909573 105.671432 84.707474 168.202866
part2_001850 0.005507 528.887329 157.064499 695.749512 377.031921
part2_001850 0.005225 392.441071 86.115654 468.477997 155.459564
PartB_00702 0.005011 990.872925 278.990540 1026.098877 313.692200
PartB_00702 0.027790 958.451843 396.375519 1005.213562 443.507477
PartB_00702 0.013493 936.356567 393.939301 977.338379 437.197235
part2_000618 0.997425 121.509331 10.578304 184.678192 79.249252
part2_000284 0.851337 296.931213 69.273010 614.712219 502.335938
part2_000284 0.018182 470.096069 1020.566772 810.854492 1274.819214
part2_000284 0.005359 177.092102 1280.135864 345.687439 1516.687622
part2_000756 0.996613 421.952087 26.361404 712.155212 316.381775
part2_000756 0.986643 740.569580 147.250732 1066.374390 498.210571
part2_000756 0.006683 974.543884 144.680313 1018.027405 193.454117
part2_000756 0.005517 386.202362 218.469147 427.291290 273.983551
part2_000756 0.005120 834.215027 115.249924 883.241882 157.685074
001066 0.110075 13.894226 85.289078 368.108337 360.000000
001066 0.012867 61.681618 59.518707 265.351349 317.686127
